-----Total Sales -----
Total Sales
10032628.85

------Sales by product------

productline	        Total_Sales
Trains	                226243.47
Ships	                714437.13
Planes	                975003.57
Trucks and Buses	1127789.84
Motorcycles	        1166388.34
Vintage Cars	        1903150.84
Classic Cars	        3919615.66

-----Monthlly sales Trends------
Month	   Total_Sales
2003-00	   3516979.54
2004-00	   4724162.6
2005-00	   1791486.71

------yearlly & monthlly Trends -----

Month	Year	Total_Sales
1	2003	129753.6
2	2003	140836.19
6	2003	168082.56
3	2003	174504.9
7	2003	187731.88
5	2003	192673.11
8	2003	197809.3
4	2003	201609.55
3	2004	205733.73
4	2004	206148.12
4	2005	261633.29
12	2003	261876.46
9	2003	263973.36
5	2004	273438.39
6	2004	286674.22
2	2004	311419.53
1	2004	316577.42
9	2004	320750.91
7	2004	327144.09
1	2005	339543.42
2	2005	358186.18
12	2004	372802.66
3	2005	374262.76
5	2005	457861.06
8	2004	461501.27
10	2004	552924.25
10	2003	568290.97
11	2003	1029837.66
11	2004	1089048.01

-------Top 5 Customers-------

order_No	Total_Sales
10165	        77809.37
10310	        68943.4
10127	        68462.15
10287	        67281.01
10212	        65165.17


-------Top 8 average Order_Line_no-------

Order_Line_No	Average_sales
18	        2415.562
7	        3147.93345177665
15	        3167.23357142857
12	        3184.25118181818
13	        3340.40639175258
10	        3416.62574468085
6	        3492.9863800905
14	        3532.27456790124

--------Average Order Value--------

Average_Order_Value
3553.88907190932